74 0
160 14480
202 28960
368 43440
576 57920
798 72400
836 86880
959 101360
990 115840
1181 130320
1299 144800
1504 159280
1791 173760
1988 188240
2109 202720
2239 217200
2370 231680
2495 246160
2803 260640
3043 275120
3172 289600
3289 304080
3658 318560
3951 333040
4068 347520
4268 362000
4462 376480
4578 390960
4691 405440
4911 419920
5039 434400
5167 448880
5451 463360
5575 477840
5696 492320
5725 506800
5852 521280
6135 535760
6262 550240
6553 564720
6791 579200
6986 593680
7108 608160
7303 622640
7952 637120
8253 651600
8429 666080
8724 680560
8895 695040
9062 709520
9102 724000
9269 738480
9308 752960
9354 767440
9474 781920
9506 796400
9872 810880
9985 825360
10194 839840
10320 854320
10445 868800
10720 883280
10844 897760
11120 912240
11590 926720
11741 941200
11868 955680
11987 970160
12096 984640
12123 999120
12157 1013600
12189 1028080
12464 1042560
12493 1057040
12618 1071520
12739 1086000
12864 1100480
12988 1114960
13111 1129440
13326 1143920
13354 1158400
13681 1172880
13751 1187360
13885 1201840
14109 1216320
14350 1230800
14484 1245280
14616 1259760
14847 1274240
15355 1288720
15585 1303200
15734 1317680
16093 1332160
16121 1346640
16153 1361120
16544 1375600
16574 1390080
16604 1404560
16797 1419040
16832 1433520
17025 1448000
17239 1462480
17457 1476960
17680 1491440
17873 1505920
17998 1520400
18466 1534880
18693 1549360
18800 1563840
18916 1578320
19030 1592800
19227 1607280
19504 1621760
19628 1636240
19822 1650720
19949 1665200
20063 1679680
20276 1694160
20372 1708640
20721 1723120
21029 1737600
21146 1752080
21344 1766560
21460 1781040
21662 1795520
21859 1810000
21976 1824480
22194 1838960
22353 1853440
22567 1867920
22627 1882400
23011 1896880
23111 1911360
23399 1925840
23696 1940320
23955 1954800
24025 1969280
24380 1983760
24599 1998240
24867 2012720
25007 2027200
25138 2041680
25262 2056160
25384 2070640
25419 2085120
25451 2099600
25589 2114080
25646 2128560
25771 2143040
25803 2157520
25926 2172000
26206 2186480
26327 2200960
26439 2215440
26559 2229920
26755 2244400
27037 2258880
27264 2273360
27485 2287840
27797 2302320
28264 2316800
28391 2331280
28504 2345760
28543 2360240
28740 2374720
28963 2389200
29074 2403680
29108 2418160
29225 2432640
29353 2447120
29389 2461600
29501 2476080
29533 2490560
29572 2505040
29615 2519520
29730 2534000
29931 2548480
29978 2562960
30092 2577440
30211 2591920
30324 2606400
30440 2620880
30807 2635360
31028 2649840
31151 2664320
31274 2678800
31392 2693280
31589 2707760
31794 2722240
31920 2736720
32119 2751200
32154 2765680
32186 2780160
32457 2794640
32671 2809120
32803 2823600
32892 2838080
32930 2852560
33052 2867040
33177 2881520
33395 2896000
33526 2910480
33668 2924960
33701 2939440
33737 2953920
33865 2968400
34671 2982880
34826 2997360
35070 3011840
35202 3026320
35429 3040800
35735 3055280
35862 3069760
35984 3084240
36304 3098720
36451 3113200
36687 3127680
36720 3142160
36752 3156640
36875 3171120
36905 3185600
37033 3200080
37170 3214560
37207 3229040
37244 3243520
37553 3258000
37680 3272480
37884 3286960



78 0
165 14480
265 28960
371 43440
579 57920
801 72400
842 86880
962 101360
992 115840
1264 130320
1384 144800
1510 159280
1795 173760
1990 188240
2111 202720
2244 217200
2373 231680
2497 246160
2806 260640
3046 275120
3174 289600
3293 304080
3662 318560
3955 333040
4071 347520
4270 362000
4465 376480
4662 390960
4695 405440
4915 419920
5043 434400
5171 448880
5453 463360
5577 477840
5699 492320
5728 506800
5855 521280
6137 535760
6265 550240
6557 564720
6794 579200
6991 593680
7111 608160
7306 622640
7957 637120
8257 651600
8564 666080
8727 680560
8899 695040
9066 709520
9106 724000
9271 738480
9316 752960
9362 767440
9479 781920
9512 796400
9874 810880
9990 825360
10198 839840
10405 854320
10530 868800
10726 883280
10848 897760
11213 912240
11593 926720
11744 941200
11871 955680
11991 970160
12098 984640
12126 999120
12160 1013600
12273 1028080
12467 1042560
12588 1057040
12620 1071520
12743 1086000
12869 1100480
12992 1114960
13117 1129440
13330 1143920
13539 1158400
13684 1172880
13855 1187360
13888 1201840
14114 1216320
14353 1230800
14488 1245280
14619 1259760
14849 1274240
15364 1288720
15680 1303200
15818 1317680
16096 1332160
16123 1346640
16157 1361120
16546 1375600
16576 1390080
16608 1404560
16799 1419040
16834 1433520
17028 1448000
17244 1462480
17472 1476960
17682 1491440
17878 1505920
18163 1520400
18469 1534880
18696 1549360
18803 1563840
18999 1578320
19114 1592800
19312 1607280
19508 1621760
19631 1636240
19827 1650720
19951 1665200
20067 1679680
20283 1694160
20558 1708640
20724 1723120
21032 1737600
21150 1752080
21347 1766560
21466 1781040
21665 1795520
21863 1810000
22065 1824480
22197 1838960
22360 1853440
22572 1867920
22712 1882400
23015 1896880
23113 1911360
23403 1925840
23798 1940320
23973 1954800
24028 1969280
24383 1983760
24763 1998240
24870 2012720
25011 2027200
25233 2041680
25265 2056160
25387 2070640
25421 2085120
25454 2099600
25596 2114080
25649 2128560
25774 2143040
25806 2157520
25930 2172000
26210 2186480
26329 2200960
26445 2215440
26563 2229920
26757 2244400
27042 2258880
27267 2273360
27579 2287840
27800 2302320
28268 2316800
28394 2331280
28508 2345760
28547 2360240
28744 2374720
29047 2389200
29080 2403680
29111 2418160
29228 2432640
29357 2447120
29392 2461600
29504 2476080
29536 2490560
29576 2505040
29619 2519520
29813 2534000
29939 2548480
29983 2562960
30096 2577440
30214 2591920
30407 2606400
30527 2620880
30810 2635360
31031 2649840
31154 2664320
31279 2678800
31396 2693280
31591 2707760
31799 2722240
31926 2736720
32122 2751200
32157 2765680
32188 2780160
32461 2794640
32675 2809120
32816 2823600
32895 2838080
32934 2852560
33056 2867040
33180 2881520
33398 2896000
33529 2910480
33671 2924960
33704 2939440
33740 2953920
33970 2968400
34683 2982880
34829 2997360
35074 3011840
35307 3026320
35432 3040800
35738 3055280
35954 3069760
36271 3084240
36307 3098720
36565 3113200
36691 3127680
36722 3142160
36755 3156640
36877 3171120
36908 3185600
37038 3200080
37172 3214560
37210 3229040
37247 3243520
37557 3258000
37683 3272480
37887 3286960
